0 0.0464179078333163
0 0.765470362624838
0 0.542105144607884
0 0.619351881844621
0 0.714455609076869
0 0.962515213974991
0 0.542223468675382
0 0.357139844613681
0 0.610617727791247
0 0.872878024295381
1 0.963910873962525
1 0.04852355134139
1 0.10605194471127
1 0.0823050910058921
1 0.50970265525845
1 0.493897310688113
1 0.130176944253117
1 0.519815432149831
1 0.0564149082901026
1 0.4810400267509
2 0.411220708587775
2 0.953390348680965
2 0.2830929394267
2 0.61146051092607
2 0.88501929812367
2 0.242078845967575
2 0.455451444003476
2 0.378970639025313
2 0.888474329788459
2 0.822397406130283
3 0.00764792925103005
3 0.934892237621775
3 0.587867768755121
3 0.549753073858914
3 0.554244119000735
3 0.302323377366328
3 0.512268287833905
3 0.096467587676117
3 0.659463221980009
3 0.122886015159491
4 0.969345611971498
4 0.623374095476872
4 0.171409566500881
4 0.0753975562171068
4 0.705679186482764
4 0.681112221759331
4 0.569294867370881
4 0.835856130735882
4 0.2009276534435
4 0.625709775660983
5 0.31689615702112
5 0.612148362031276
5 0.579100124341948
5 0.59998909644782
5 0.223608872491684
5 0.464119421999957
5 0.842067942415396
5 0.679060316960821
5 0.84309006102527
5 0.730542271738193
6 0.501457722625443
6 0.8507379902763
6 0.665434508894307
6 0.0893254909149024
6 0.400491064135214
6 0.219678627895042
6 0.391648868281231
6 0.912759351969119
6 0.316146215571159
6 0.0511120897955783
7 0.0356453666629481
7 0.285491827076996
7 0.674486185272451
7 0.207054933163829
7 0.360889383294102
7 0.380165371289554
7 0.888167154923159
7 0.930184250664983
7 0.216021501559774
7 0.0890948079009982
8 0.555894026325966
8 0.532917658580894
8 0.701243170397935
8 0.134994150202253
8 0.132906754563053
8 0.924852042889619
8 0.59911357220221
8 0.974974696978449
8 0.603912359384779
8 0.442203632761819
9 0.705516968250981
9 0.105370082010222
9 0.292941623038119
9 0.370951477145288
9 0.194695572925124
9 0.693432687173333
9 0.59063010504033
9 0.586344441672016
9 0.606192038676791
9 0.906776320611488
10 0.637456531467594
10 0.641837405339739
10 0.192268147222823
10 0.311942716740045
10 0.848892338503568
10 0.553157530516925
10 0.692108088029599
10 0.737059492961066
10 0.483341781181908
10 0.908129590055034
11 0.826154300862064
11 0.0392358070422131
11 0.441047248170267
11 0.527397470794338
11 0.174229957244466
11 0.573954003198982
11 0.452249513683957
11 0.773343529446676
11 0.54892869971177
11 0.0561618726030746
12 0.215547161742834
12 0.254445667962751
12 0.161531954613296
12 0.508488784780953
12 0.625397145108039
12 0.356227528004082
12 0.201921471488625
12 0.216027249682707
12 0.942571969676098
12 0.808113510165416
13 0.122803569828534
13 0.580028500678031
13 0.449950915039494
13 0.315071717051357
13 0.891971217418076
13 0.298843253077401
13 0.868229247568282
13 0.584079305447675
13 0.0359027455728048
13 0.351571028284529
14 0.492208895037048
14 0.86205704690053
14 0.390806835326742
14 0.933256143207315
14 0.389454517229206
14 0.565036792571208
14 0.507210145940636
14 0.841704030913163
14 0.338380321552223
14 0.0561388456524065
15 0.897865903981899
15 0.553927483760718
15 0.310584513615158
15 0.0593978581295339
15 0.0624162680760102
15 0.935981658723197
15 0.415625386133616
15 0.264337740030297
15 0.152008907940243
15 0.358197355344052
16 0.0724512497300521
16 0.274812477768777
16 0.938225856487744
16 0.522402165235207
16 0.589884194820134
16 0.830197073440159
16 0.821245418312608
16 0.458113441922755
16 0.414276378422173
16 0.857148164351074
17 0.809684470672945
17 0.906485273459221
17 0.719205210785943
17 0.200491305534025
17 0.839741416666536
17 0.108659727549488
17 0.765528098570895
17 0.346951562141511
17 0.950363758928312
17 0.103908419657456
18 0.403090407793918
18 0.848229662444549
18 0.657835903418174
18 0.713674921409076
18 0.907627520574083
18 0.720252171959845
18 0.649656579666611
18 0.323252906707699
18 0.984589911990142
18 0.801665487606854
19 0.681450262051751
19 0.0570411612545332
19 0.0764779649099698
19 0.619676118073834
19 0.579443326489741
19 0.666362159730104
19 0.449873191513993
19 0.400688744802349
19 0.124475601652859
19 0.864149569936166
20 0.257836908687761
20 0.934160072325803
20 0.770634843395387
20 0.977042119473704
20 0.134651377394167
20 0.610376259596262
20 0.0857018465575305
20 0.900179475965062
20 0.957327821737774
20 0.0360656050201811
21 0.00408789562251786
21 0.360418229531692
21 0.884295267464731
21 0.661923799040692
21 0.0740931504751058
21 0.791922788038814
21 0.382175970534876
21 0.723749730607378
21 0.115175694280851
21 0.366765882059357
22 0.525415217748571
22 0.796625956332602
22 0.423807043779552
22 0.601893183124202
22 0.416302074406437
22 0.00325036980363092
22 0.268255342388645
22 0.86617526592043
22 0.40393911460598
22 0.392730944041503
23 0.730324835390935
23 0.661776023293741
23 0.326891015901645
23 0.500959678320661
23 0.638818142301784
23 0.461542393761474
23 0.111335937451262
23 0.724519989324976
23 0.361721869260875
23 0.0686637591890356
24 0.760585594345157
24 0.365809764883392
24 0.429081988720727
24 0.644880861809887
24 0.0277335639240842
24 0.503175139195833
24 0.43680364938304
24 0.40990953445896
24 0.22692486933755
24 0.551979343663891
25 0.776675416983979
25 0.752340087551782
25 0.348605299530833
25 0.200482460297869
25 0.354233270210323
25 0.764907373937269
25 0.2037328301015
25 0.622488612598967
25 0.631082639392038
25 0.607671945173141
26 0.0152195566404702
26 0.361407474782973
26 0.26944796800122
26 0.342110572542115
26 0.862367153103634
26 0.908266110768666
26 0.803652966303589
26 0.973703091020558
26 0.63278609962798
26 0.165374835564464
27 0.0423668497439319
27 0.393371693507476
27 0.531184600447856
27 0.471448838464659
27 0.0382525548517017
27 0.55891816437194
27 0.974623977660492
27 0.475056204234742
27 0.968827699296562
27 0.201548846998042
28 0.0270355474329719
28 0.745503115814879
28 0.953888934549824
28 0.375640847429466
28 0.945985576112748
28 0.308122204294485
28 0.140548220901074
28 0.149718405748586
28 0.930610816893452
28 0.771630860758773
29 0.757390350921727
29 0.945830373533922
29 0.133038335076085
29 0.0268383189229473
29 0.287940946076038
29 0.99540548817972
29 0.935104429691613
29 0.0915939119139658
29 0.969108578734616
29 0.567890528853932
30 0.25696874747843
30 0.0114754280128868
30 0.961262222361407
30 0.788153348391947
30 0.482924266477546
30 0.99951477767877
30 0.347071512298226
30 0.457548244138038
30 0.474570981447851
30 0.315899211129127
31 0.65909709113608
31 0.501606529346484
31 0.0614023264783445
31 0.612986025220242
31 0.87724737677595
31 0.00738790212543118
31 0.921108229514727
31 0.0177955972113626
31 0.157106308339679
31 0.851719045942518
32 0.789426457970136
32 0.914496659261406
32 0.797549419476441
32 0.922464793046222
32 0.941334978184353
32 0.0854903650868174
32 0.917870281225941
32 0.876439407410305
32 0.177084277000783
32 0.886978859494896
33 0.444329935798575
33 0.434053024944874
33 0.898454287973444
33 0.405592158159983
33 0.22220637287116
33 0.381378553985329
33 0.405106935373092
33 0.569277885169386
33 0.838926798123367
33 0.879677916820942
34 0.885177096764174
34 0.498023888793785
34 0.381284445701765
34 0.946579423242518
34 0.111009913548366
34 0.258531822012054
34 0.953967325833611
34 0.0321181425974323
34 0.276327419689078
34 0.111073633707628
35 0.883837189005612
35 0.0657538771935524
35 0.0255702925033729
35 0.681386608016392
35 0.988218670705435
35 0.966905271153387
35 0.766876973103209
35 0.906088951465715
35 0.843344678098031
35 0.943961250103992
36 0.79306781049495
36 0.287674613896606
36 0.378014274583205
36 0.691522098002733
36 0.693266772056588
36 0.600220647454365
36 0.0729006519880614
36 0.0983737069640186
36 0.16949853262375
36 0.911827450111428
37 0.978051623784961
37 0.054675628922263
37 0.409851338905213
37 0.359336069486726
37 0.00125505169912011
37 0.520861252453579
37 0.61786789149878
37 0.955222377532731
37 0.552979395516673
37 0.894195311187857
38 0.0662960107746981
38 0.436816584056624
38 0.959949188847071
38 0.0918663037437323
38 0.118203191607354
38 0.948167859086845
38 0.0587715744314583
38 0.885080164710563
38 0.854256810086899
38 0.902116252529489
39 0.829041414348894
39 0.647324620116188
39 0.189790865960434
39 0.207055688932098
39 0.33884671811892
39 0.883057638017022
39 0.807276336386463
39 0.411747370106982
39 0.98143134498104
39 0.976774869010213
40 0.323574819752748
40 0.959482968766001
40 0.0314504974668149
40 0.733426158657962
40 0.318819037787066
40 0.0327055496315963
40 0.254287411111541
40 0.936686929285846
40 0.987927927164327
40 0.807266806628214
41 0.830882240473704
41 0.0542239379390254
41 0.244083390219176
41 0.790831428855113
41 0.146090241682758
41 0.36228658182653
41 0.738999287476297
41 0.204861816114216
41 0.247366746071431
41 0.593256097097535
42 0.106978068178044
42 0.0764081599546634
42 0.240580716748061
42 0.296768934604139
42 0.283463848886762
42 0.579427434866981
42 0.179826572155499
42 0.0907401852732246
42 0.991174804973963
42 0.16125791713654
43 0.0675150538177765
43 0.314749624726712
43 0.12074088543688
43 0.0989655517502527
43 0.0481757829190119
43 0.439559923223946
43 0.131671101381849
43 0.302463194030553
43 0.376246852044131
43 0.119599028080515
44 0.109730000193105
44 0.207129092052173
44 0.173822966019541
44 0.353813390412281
44 0.997960520907287
44 0.319913207702298
44 0.716099972238811
44 0.736959807917923
44 0.524775023816514
44 0.963466718310242
45 0.330215904549796
45 0.631753092460219
45 0.0398748782649054
45 0.570796621763518
45 0.928522027064358
45 0.323338727151667
45 0.150224056164838
45 0.108348598754196
45 0.414078912424892
45 0.141398861138801
46 0.269606515890735
46 0.481593966708329
46 0.456148485865513
46 0.390347401327615
46 0.580559518458582
46 0.504324268784525
46 0.829907324551562
46 0.712230619840431
46 0.806787463280739
46 0.206154176595693
47 0.831829647920946
47 0.916517463473844
47 0.413283268647866
47 0.00565261394048697
47 0.270330853886125
47 0.411243789555153
47 0.325565821642785
47 0.986430826124936
47 0.148203597007414
47 0.850340845924961
48 0.949897544435178
48 0.478419502022872
48 0.482093937919519
48 0.989772422700083
48 0.0492161233207286
48 0.410615964518215
48 0.313111149386089
48 0.199440179485567
48 0.518964563272411
48 0.727190062276642
49 0.340839040624368
49 0.788571079628808
49 0.20878402851931
49 0.796987526489882
49 0.178918480490762
49 0.789343546977892
49 0.301311795274407
49 0.00882580504232357
49 0.501574166352662
49 0.108099258089484
50 0.214979981638016
50 0.333403813807947
50 0.0246167210976671
50 0.628263250285882
50 0.339056427748434
50 0.294947574983792
50 0.0395070393753736
50 0.664622249856881
50 0.281378401108728
50 0.187710636848449
51 0.514963095316181
51 0.231275945078244
51 0.666130138871321
51 0.997057033235699
51 0.221048367312666
51 0.715346262192049
51 0.407672997288254
51 0.534159516698755
51 0.914786441677616
51 0.926637560560665
52 0.261349578509736
52 0.255625482301985
52 0.715208639723812
52 0.470133607029046
52 0.052613008326205
52 0.894127120680235
52 0.259477153541277
52 0.353924803600612
52 0.902952925722558
52 0.761051319893939
53 0.462024061690096
53 0.117932906894913
53 0.0944551337018866
53 0.486640783253424
53 0.746196157180796
53 0.433511561450321
53 0.781588358237216
53 0.78570319702183
53 0.0981338108415407
53 0.0629667588802831
54 0.97341383387028
54 0.613096906157721
54 0.294242703958528
54 0.639543972275939
54 0.610153938927759
54 0.515291071271194
54 0.354890234002327
54 0.0178269357503517
54 0.0494505879699488
54 0.269676675214282
55 0.944464496776678
55 0.310800166479685
55 0.525302157516266
55 0.659673136034828
55 0.780933773974392
55 0.577915166308133
55 0.553800256249402
55 0.040410927050007
55 0.931839969908744
55 0.456753181506299
56 0.801462247409607
56 0.39386403159884
56 0.574686088401212
56 0.895917381111494
56 0.880504814852264
56 0.320882245582008
56 0.329428942096154
56 0.662093172623819
56 0.106585442138177
56 0.427562753403356
57 0.725059931969764
57 0.0799992755427953
57 0.0406596590954157
57 0.0193026354626299
57 0.719543247818734
57 0.650813598488836
57 0.534593707199485
57 0.0744334813553996
57 0.668640534239188
57 0.584044295169434
58 0.344110156569681
58 0.613105030550205
58 0.894844461649118
58 0.869412314551609
58 0.272778166585033
58 0.675778235157848
58 0.44732748039408
58 0.826578422834435
58 0.716189162673517
58 0.379167449837163
59 0.283331604340734
59 0.517651409617463
59 0.773031481436003
59 0.858017692741946
59 0.413568790263296
59 0.653536295822606
59 0.178899937858293
59 0.742997732359449
59 0.315629468446425
59 0.28548537999647
60 0.170560485297144
60 0.0406893999505273
60 0.365484655539265
60 0.211220144858221
60 0.0599920354131572
60 0.0850279028923381
60 0.862033743347057
60 0.594585742612642
60 0.159461384247738
60 0.530674277120584
61 0.178630037316415
61 0.50357154128308
61 0.143779307670789
61 0.0734744989655328
61 0.372983855369028
61 0.416557474255821
61 0.749252734123381
61 0.820311335763108
61 0.243135896624595
61 0.465441896331237
62 0.199478785134609
62 0.526467500965329
62 0.983093305948699
62 0.972510267036273
62 0.384485193707275
62 0.396662095746334
62 0.626046562393218
62 0.563385131565568
62 0.139659828105783
62 0.941676030839643
63 0.848870512027699
63 0.310220313402927
63 0.98236543079017
63 0.214355167101303
63 0.521440458261147
63 0.042357466203327
63 0.299383070459302
63 0.383474201142543
63 0.636943208815969
63 0.45884445470704
64 0.914148478728788
64 0.815573246598045
64 0.96241599599012
64 0.0579277859339154
64 0.889047745563578
64 0.335399850893486
64 0.474485260189737
64 0.638300479221298
64 0.155711186190933
64 0.717621156814332
65 0.103742375552534
65 0.355189971791203
65 0.24408865777966
65 0.0868356810355725
65 0.327700238361815
65 0.628573851486935
65 0.483497777247568
65 0.953746800755033
65 0.191958982586842
65 0.623157605353351
66 0.895422831594675
66 0.0408294941488791
66 0.933377918756277
66 0.877788261919184
66 0.255184661715843
66 0.454818377017425
66 0.920145728122511
66 0.554567732175145
66 0.838292578159968
66 0.55708893693848
67 0.0134121864165236
67 0.752441056423095
67 0.372662183070864
67 0.975828182872305
67 0.81036884235701
67 0.26170992816878
67 0.31122803330013
67 0.284854102081086
67 0.900010407390078
67 0.466939219956724
68 0.00247525889541733
68 0.0037527824769508
68 0.822129191747927
68 0.246563916675078
68 0.0905884639781846
68 0.149829429644081
68 0.875137768162013
68 0.574086241225752
68 0.103576229933452
68 0.0670967502831932
69 0.197243846113441
69 0.998999061528127
69 0.107926244897734
69 0.130621764404057
69 0.876787323447311
69 0.363110906613577
69 0.585440141421482
69 0.79693305110416
69 0.917678638788722
69 0.42373271958145
70 0.354021987576979
70 0.931090825205245
70 0.176173775538883
70 0.726684170647843
70 0.906919007611889
70 0.986542618361554
70 0.988394098816623
70 0.218147040912019
70 0.271396719976979
70 0.888404506206701
71 0.685086260868742
71 0.273871978872396
71 0.892157288683652
71 0.507215452151008
71 0.520435895547474
71 0.982745752661836
71 0.657044881795088
71 0.395573663243825
71 0.556831993421927
71 0.76062111172854
72 0.46267041399268
72 0.754075839535368
72 0.759620173256667
72 0.570596658890413
72 0.884697604405087
72 0.636407496238317
72 0.93370756550399
72 0.470137745360908
72 0.433340546876816
72 0.851386203827051
73 0.893870464942358
73 0.787362534919457
73 0.782477028566635
73 0.0700442404812408
73 0.514046705101638
73 0.689396036178524
73 0.0565868583771339
73 0.502440803918261
73 0.907543077090542
73 0.327983578354113
74 0.390845309659301
74 0.592629337493623
74 0.60185555769217
74 0.283002597877291
74 0.0998447891789697
74 0.122291452773982
74 0.265748350539128
74 0.756889670974058
74 0.517865116483469
74 0.822580343961055
75 0.517510782236937
75 0.980535530476149
75 0.576656183496423
75 0.277130955027943
75 0.551132188900901
75 0.461353787435849
75 0.91353845126626
75 0.48483975393923
75 0.931491532796757
75 0.346878998143076
76 0.336225957300619
76 0.825361997739115
76 0.134241532596872
76 0.118702985401593
76 0.895406238220356
76 0.64828823769851
76 0.808099021580116
76 0.951993096597489
76 0.150729041151111
76 0.715642098204997
77 0.279976674485941
77 0.541574350810411
77 0.308271435232959
77 0.881832232178111
77 0.824576949153364
77 0.408116224411929
77 0.00412368495209314
77 0.0903252992268304
77 0.165005894920326
77 0.521988801435562
78 0.912905643187885
78 0.682516677622924
78 0.50252433144605
78 0.489561826218647
78 0.959647632650867
78 0.0536565198812897
78 0.950915613654496
78 0.873186083917127
78 0.53849627382052
78 0.882407146451253
79 0.220065081594542
79 0.874722231121139
79 0.707769143724707
79 0.354306614191414
79 0.993425216522731
79 0.603175381479401
79 0.00259485142426326
79 0.801524238102848
79 0.555168477611229
79 0.153323893041035
80 0.517166335842184
80 0.83514515209717
80 0.694898243851447
80 0.825437771540805
80 0.716977384275281
80 0.51947519253915
80 0.233553995487073
80 0.721101069227374
80 0.60980049176598
80 0.39855989087306
81 0.243089870197275
81 0.522706134953865
81 0.0810765680303222
81 0.745614201643325
81 0.0122679607068505
81 0.0407242002155279
81 0.799270721524614
81 0.963183574827008
81 0.913910284132655
81 0.337766994879473
82 0.8455907208126
82 0.133975365261536
82 0.21248922553495
82 0.553359864071645
82 0.48828197945295
82 0.20591444159202
82 0.156535245085384
82 0.490876831342874
82 0.00743867922920672
82 0.711703722696613
83 0.64420072438391
83 0.524605015537052
83 0.546848874328122
83 0.339098967769695
83 0.350042786612195
83 0.263826258137741
83 0.858574160774506
83 0.583596782099268
83 0.984927327365115
83 0.468374652074824
84 0.982156672972327
84 0.228017197096728
84 0.991080787028689
84 0.0632332405369884
84 0.973631398740053
84 0.0033487477355398
84 0.103957441218178
84 0.772902119799006
84 0.966532322562548
84 0.0178677248851711
85 0.110669114212817
85 0.812123042909486
85 0.151843090612368
85 0.323158339747767
85 0.365482906515469
85 0.640125070065318
85 0.529072781805449
85 0.522018151600854
85 0.131001900942531
85 0.536511461034655
86 0.233721873831806
86 0.775202625326441
86 0.061116476106046
86 0.780570748159928
86 0.114301593096136
86 0.411159262718241
86 0.0443970062976689
86 0.972875753870642
86 0.99475604528317
86 0.0293243331971226
87 0.441250405479805
87 0.976912717789837
87 0.257341530759512
87 0.432331192508494
87 0.0401459583268249
87 0.230972929033904
87 0.435679940244034
87 0.144103399545002
87 0.00387504883290969
87 0.40221226234092
88 0.161971124430174
88 0.114544163045727
88 0.214335304784745
88 0.313814215042542
88 0.437702503259155
88 0.579818211300214
88 0.953939285573521
88 0.966775285064604
88 0.101836362435406
88 0.0849411860503914
89 0.503286745633598
89 0.335558236267212
89 0.860143811842494
89 0.564403222205305
89 0.116128983961478
89 0.97444540493863
89 0.975562484923546
89 0.160525990259147
89 0.94732115834361
89 0.970318529741056
90 0.189850323921931
90 0.388571563357754
90 0.947231247530892
90 0.447191854681443
90 0.820902755866248
90 0.987377205857717
90 0.678164783715347
90 0.25658269564462
90 0.131480604937058
90 0.682039832548257
91 0.65879495798554
91 0.293451729367232
91 0.796583996059645
91 0.873130262770285
91 0.607265944875435
91 0.234286498853139
91 0.452948473604838
91 0.561205229983295
91 0.201061783452081
91 0.554784836040244
92 0.646146416033686
92 0.704348529085679
92 0.890343072307456
92 0.506290227410519
92 0.268751750825323
92 0.00647205626893419
92 0.480735631883487
92 0.244314235748869
92 0.166998046528081
92 0.428056789761436
93 0.214632765024264
93 0.356848370450013
93 0.81662835358485
93 0.161864012089495
93 0.804040225131456
93 0.637531108985437
93 0.14924121748155
93 0.482205008846803
93 0.894113805095718
93 0.280721822418609
94 0.164244840929399
94 0.552908762615597
94 0.574173552251502
94 0.960828836989044
94 0.426039025385882
94 0.181439496661275
94 0.195115335376521
94 0.87898749899072
94 0.74264472664457
94 0.396177118828603
95 0.433772335030964
95 0.388791142212595
95 0.100525647914282
95 0.324115406872758
95 0.895081370088775
95 0.369277398739605
95 0.330587463141693
95 0.375817001506601
95 0.613591634488474
95 0.497585510135435
96 0.803873791733698
96 0.828224399978399
96 0.854433880585448
96 0.620502144852887
96 0.990088412067894
96 0.658474105716904
96 0.258033253372662
96 0.139329629549444
96 0.140679114098046
96 0.152147058002719
97 0.420051451968053
97 0.304923955027444
97 0.705055821083978
97 0.994225004219555
97 0.265752792016488
97 0.131094846004199
97 0.175664500415169
97 0.460868127393009
97 0.0100823445292573
97 0.918309227059739
98 0.857045246687273
98 0.443854679560221
98 0.307100369272335
98 0.957570894601555
98 0.767970086898641
98 0.202181738895449
98 0.326848292875499
98 0.098557549574672
98 0.57799874040205
98 0.940439927829634
99 0.596143059710107
99 0.381872531670086
99 0.768664327342373
99 0.450576940295555
99 0.00237467605731202
99 0.758752738944605
99 0.109051045546798
99 0.260407929895636
99 0.89808236849405
99 0.249730159644843
100 0.412554987898355
100 0.318133820462103
100 0.554654114672287
100 0.117610808516671
100 0.312358824215996
100 0.820406906688775
100 0.24870565452087
100 0.488023325096827
100 0.281275034081785
100 0.258787999515789
101 0.406332551690905
101 0.138320280303396
101 0.70264267907601
101 0.713432920963239
101 0.0958911744392902
101 0.470612765508989
101 0.915614659858688
101 0.422739467314789
101 0.569170315549323
101 0.493613400260738
102 0.363179394678762
102 0.165313374793769
102 0.875485931930824
102 0.131843721555473
102 0.615890315089324
102 0.877860608453797
102 0.89059646096574
102 0.724941360636121
102 0.138268537883772
102 0.788678828994128
103 0.974671520280964
103 0.550823525782127
103 0.10681264899057
103 0.529325634953252
103 0.668434334764459
103 0.419171473672228
103 0.349732541176366
103 0.917139989285329
103 0.907194798769054
103 0.631007575258151
104 0.175927988335457
104 0.313527349994298
104 0.769327855561547
104 0.878570667877128
104 0.0269602709575371
104 0.865219030000837
104 0.349183432920456
104 0.942574930816225
104 0.287958497315626
104 0.918353748469778
105 0.436188330611302
105 0.651137891994388
105 0.0836671232635468
105 0.311674262542126
105 0.782981614015522
105 0.699557438352871
105 0.189534870530262
105 0.673578074515601
105 0.424498798988992
105 0.327803408414034
106 0.462256903044068
106 0.399170318804295
106 0.878626934196161
106 0.569069552500299
106 0.928495953757547
106 0.547061268494959
106 0.988241026172527
106 0.278228494933913
106 0.464201257780288
106 0.89543582447592
107 0.909236070192063
107 0.640129246115745
107 0.208963174004556
107 0.67856392575361
107 0.518699913527211
107 0.235923444962093
107 0.543782955288786
107 0.867883346913328
107 0.178498375778319
107 0.831741452604412
108 0.786237094917445
108 0.61468670638962
108 0.4828793445988
108 0.869904218180992
108 0.926360968931746
108 0.265860958148661
108 0.569461656533862
108 0.115895838996347
108 0.939439032664261
108 0.993960455522854
109 0.443699247410381
109 0.401695935242668
109 0.393130773861488
109 0.322326181606541
109 0.970765487742967
109 0.321626727619035
109 0.8693874501015
109 0.959006513449832
109 0.599855222552947
109 0.333588707416127
110 0.854442337460091
110 0.509091292279349
110 0.973717953997533
110 0.0634055114646468
110 0.187655217567298
110 0.492417867059083
110 0.29932895642674
110 0.731438173321745
110 0.360301213506749
110 0.477827332205059
111 0.563179625460496
111 0.146538308424194
111 0.092514038594679
111 0.0460589695936343
111 0.016442526139525
111 0.0188750070607639
111 0.311919927742295
111 0.585904182673387
111 0.134770846522772
111 0.251358959940895
112 0.57986463773058
112 0.578470093933153
112 0.653054895649224
112 0.972995412057729
112 0.900796275539694
112 0.623820382926529
112 0.294622139211102
112 0.770183725641195
112 0.582826896376362
112 0.89447736176405
113 0.10377243259166
113 0.437269233370791
113 0.403568653577738
113 0.0774903861235317
113 0.500674744835438
113 0.591223871610697
113 0.569908253648276
113 0.800003701727839
113 0.322662044466781
113 0.930209467155025
114 0.277831033467236
114 0.885841669927277
114 0.0767477751135583
114 0.370345072061915
114 0.931900639986573
114 0.0931903017187446
114 0.389220079588341
114 0.243820567263207
114 0.679094484392132
114 0.523990926111113
115 0.495179527669763
115 0.258959122122712
115 0.102461019578604
115 0.148234422853326
115 0.23195453371478
115 0.00325729511829898
115 0.772054805779855
115 0.526576672925882
115 0.773441020759494
115 0.354881701690555
116 0.421054034224271
116 0.877213453351154
116 0.792150935527008
116 0.824622687802009
116 0.954703839940347
116 0.292825679896784
116 0.415846558947045
116 0.524612093122961
116 0.0928293811589616
116 0.738508603413826
117 0.454821559812325
117 0.370660415091859
117 0.624350273341104
117 0.531569335391544
117 0.741005487153775
117 0.556250912862015
117 0.624759637110289
117 0.130225566276454
117 0.800071480125222
117 0.30385412103676
118 0.654216492387567
118 0.295251007329324
118 0.562813243159472
118 0.756677512431833
118 0.443485430182649
118 0.794767776874252
118 0.759934807550132
118 0.215540235962505
118 0.321344449334473
118 0.533375827843964
119 0.57042193765306
119 0.742398483558743
119 0.410589280729456
119 0.362572872714406
119 0.567021171360752
119 0.365293120204142
119 0.655398553076851
119 0.982867730307797
119 0.889905213327103
119 0.748227934235813
120 0.721376333721623
120 0.344726773139428
120 0.118888348862011
120 0.345726606597065
120 0.876296108530972
120 0.859893836481447
120 0.901977519459081
120 0.5010557451756
120 0.990119402757901
120 0.702048999118641
121 0.80490986621236
121 0.644335895145468
121 0.997300006913627
121 0.367723109371831
121 0.40101340711164
121 0.440785436630615
121 0.162490885780422
121 0.16094821419611
121 0.656325672593119
121 0.483835335580555
122 0.694324042040074
122 0.226747610246179
122 0.226233818673638
122 0.104913322303869
122 0.589320482960586
122 0.79325499003439
122 0.470206442973673
122 0.244719035571776
122 0.776122720342187
122 0.360111655835114
123 0.99294697027325
123 0.497499053598148
123 0.704838428974542
123 0.1118353186696
123 0.843225660195214
123 0.581134537039853
123 0.971729155151047
123 0.745203179188633
123 0.0821902817497916
123 0.961848557908949
124 0.447252177841613
124 0.887100148427812
124 0.606184452588756
124 0.444552184289578
124 0.254823257333982
124 0.00719785923473437
124 0.885337621385854
124 0.417314143114404
124 0.168146073430845
124 0.541663293513313
125 0.901149478694959
125 0.862470115470919
125 0.768410903759492
125 0.127383297368597
125 0.967383437774788
125 0.357731386720078
125 0.920638287402987
125 0.4375898802828
125 0.602450422291854
125 0.696761007279512
126 0.797701536583575
126 0.595397392099443
126 0.194260060411999
126 0.502539965092456
126 0.707232711234704
126 0.0374857201415513
126 0.0836745021323089
126 0.67896186592009
126 0.782688899330184
126 0.1658647838821
127 0.640810423363378
127 0.229941077171797
127 0.0529649318442517
127 0.246994875486472
127 0.674493261461376
127 0.307788189178234
127 0.254192734721206
127 0.559830882381569
127 0.725102332758299
127 0.422338808152051
128 0.101494175894882
128 0.626251810987597
128 0.284808923157309
128 0.869905079654374
128 0.753635108356194
128 0.252192360932097
128 0.22763646590879
128 0.674273395759181
128 0.689782241214897
128 0.830086888666305
129 0.371034402573032
129 0.487483777332811
129 0.425484280300087
129 0.565294463450692
129 0.990023742890928
129 0.132716991069129
129 0.602780183592243
129 0.0736982445575754
129 0.811678857454881
129 0.385469082922427
130 0.239563028439676
130 0.452489280352597
130 0.615410160094225
130 0.292527960749589
130 0.69948415630473
130 0.289903421089939
130 0.600316149927823
130 0.953676891025937
130 0.84973430393717
130 0.325418482220461
131 0.376015699177988
131 0.951228479832051
131 0.951670293673719
131 0.660824622335296
131 0.821133559020764
131 0.705305401564252
131 0.913016983267393
131 0.0487700249295542
131 0.379578796857772
131 0.60279922448229
132 0.878856913595859
132 0.750613199896465
132 0.0902830013494394
132 0.304341193430285
132 0.315907662881495
132 0.0803067437747059
132 0.437058184965075
132 0.918687846473738
132 0.154004988332281
132 0.248737041954294
133 0.304156928930505
133 0.393568017237619
133 0.701226322306891
133 0.91956708902473
133 0.686095977987207
133 0.40071047814596
133 0.209470510114669
133 0.286412127449369
133 0.354387369171897
133 0.0592048135861777
134 0.611830610135491
134 0.730403068349884
134 0.0104332929525679
134 0.563500903343549
134 0.39122769021952
134 0.831566851973332
134 0.26880630444214
134 0.304244673486913
134 0.880336876902886
134 0.648385101765574
135 0.907043897969203
135 0.759193790033084
135 0.398998301196377
135 0.997326899318642
135 0.0635349834633688
135 0.714905964077872
135 0.0776336430933483
135 0.500593168428444
135 0.633593810085949
135 0.23163863142563
136 0.749330210382738
136 0.937750739482115
136 0.625206648663248
136 0.450556532223968
136 0.857317828041184
136 0.311302626184794
136 0.851267010835589
136 0.0667883376901915
136 0.597714754099825
136 0.205654379541825
137 0.125993151276369
137 0.209545363769655
137 0.936057447891709
137 0.136426444228937
137 0.773046267113204
137 0.327285137645567
137 0.96799329666793
137 0.0418525710896834
137 0.63152981113248
137 0.848330173105155
138 0.690237672855257
138 0.538573708636022
138 0.607523963138239
138 0.0892359735859725
138 0.535900607954664
138 0.671058946601608
138 0.804141937663845
138 0.613534251048013
138 0.171652114564391
138 0.437735747749794
139 0.845172882473642
139 0.920982324947129
139 0.375486486766248
139 0.470379531136891
139 0.371538856705436
139 0.232804314341771
139 0.781682157321685
139 0.222805867075364
139 0.299592652497623
139 0.379396910955849
140 0.428460246617189
140 0.425585803773993
140 0.588942274725503
140 0.364517694043237
140 0.562012248468591
140 0.361988541373046
140 0.691802832154465
140 0.53000554467086
140 0.403841112928391
140 0.323332642821284
141 0.378335717310354
141 0.0940787853179866
141 0.861906351922968
141 0.985859680448593
141 0.18331475936962
141 0.397806959411971
141 0.65691862658454
141 0.987456697033465
141 0.0113412099943223
141 0.828570741148931
142 0.425192444317598
142 0.856514092467965
142 0.749553065630399
142 0.800678931083846
142 0.326893623139194
142 0.121091922335835
142 0.033483245425617
142 0.108575780460879
142 0.343897789411199
142 0.33307589792324
143 0.487972691416728
143 0.772358036494049
143 0.758661701697233
143 0.0769149661422311
143 0.136875730071625
143 0.320673949700163
143 0.438903507515277
143 0.82867856222609
143 0.850679494371023
143 0.842744620443668
144 0.152011205047374
144 0.229015211681377
144 0.936823406227316
144 0.0139175565046806
144 0.214874891664309
144 0.120138165131276
144 0.411724515916651
144 0.871793518714511
144 0.10759486169908
144 0.423065725910974
145 0.700364259397781
145 0.532787306482339
145 0.279579817913277
145 0.44991732502818
145 0.333466237100524
145 0.606473441518132
145 0.571009247364015
145 0.366949482526141
145 0.715049221979011
145 0.914907036775214
146 0.700025380449381
146 0.203021912930078
146 0.687265072803602
146 0.458687082146614
146 0.279936879072309
146 0.824140803340888
146 0.779361031846777
146 0.718840387053248
146 0.652819365101317
146 0.6300405262178
147 0.561585007031255
147 0.804830570148691
147 0.859055737899177
147 0.49840841279291
147 0.818748126653371
147 0.0739306290978243
147 0.618546577924186
147 0.230472642104361
147 0.945724147812335
147 0.726141440088927
148 0.653538368015335
148 0.646088407210116
148 0.258928746105604
148 0.933118186394273
148 0.0960057317726341
148 0.592394983206128
148 0.539591627446744
148 0.667014979136649
148 0.95934446619793
148 0.254640848960095
149 0.581922015446202
149 0.659369846181651
149 0.457662761890172
149 0.269187088249804
149 0.118056927862604
149 0.737599641428143
149 0.0933278911250308
149 0.897417960175042
149 0.456440028015729
149 0.746147256226347
150 0.527458485927181
150 0.0180250345813227
150 0.550977826375038
150 0.386514223360696
150 0.516433447839894
150 0.369725952562748
150 0.46044485245852
150 0.134980025298418
150 0.600198595132771
150 0.406169000270855
151 0.861121465387345
151 0.253736962682445
151 0.0522574070153094
151 0.120050211027288
151 0.186855148611057
151 0.148263138787943
151 0.712445194699078
151 0.726446776057802
151 0.815278117924592
151 0.671789660431347
152 0.981087625017896
152 0.397200132905133
152 0.331159506147336
152 0.438750386908069
152 0.666387221154937
152 0.449216434475601
152 0.17635002787055
152 0.759715112279968
152 0.346634394184982
152 0.632790055886279
153 0.505862368506315
153 0.874092880112162
153 0.650815090467602
153 0.0568401944156923
153 0.260607103007197
153 0.167248537841834
153 0.426566146978441
153 0.721051955465717
153 0.302228563605914
153 0.0267647416455507
154 0.127220955270911
154 0.163350028527598
154 0.280501704793657
154 0.17947836228622
154 0.283400240020547
154 0.467356853404714
154 0.327741501074164
154 0.995845434719625
154 0.193803629462516
154 0.143019618533095
155 0.66763509468531
155 0.174891254014751
155 0.54021975190389
155 0.998794600832646
155 0.613641640922819
155 0.206606972593165
155 0.448011034842586
155 0.789991668793369
155 0.966322085338795
155 0.794645429027567
156 0.422781724213987
156 0.472184453379449
156 0.668738308674068
156 0.0735968146815881
156 0.529024647795141
156 0.929345411681265
156 0.240845352523423
156 0.955590794773582
156 0.650397367146982
156 0.543073916129337
157 0.982355536884794
157 0.777618322417894
157 0.706423945122596
157 0.26285724121279
157 0.957096685169775
157 0.989824185143143
157 0.730214094617504
157 0.284838185778278
157 0.985669619397106
157 0.924017724080019
158 0.427857804777034
158 0.653304713616755
158 0.0989089780947701
158 0.968077556680924
158 0.65209931398374
158 0.712550619017589
158 0.174684528808428
158 0.100110348826326
158 0.502542287810958
158 0.141006613681562
159 0.894755777853893
159 0.925324012024945
159 0.61319106706101
159 0.563494086527961
159 0.998920826706533
159 0.14221571439049
159 0.492839497743565
159 0.239766179229955
159 0.0978065091640719
159 0.143236864424887
160 0.782840095359292
160 0.0801620455832044
160 0.920855187308442
160 0.489264040016226
160 0.343019286795994
160 0.877951872012556
160 0.479088224693708
160 0.0732333809478364
160 0.162790057325172
160 0.464757843625153
161 0.997251105493517
161 0.590647862102207
161 0.118062556776247
161 0.096160083122626
161 0.558725418317469
161 0.770161871225648
161 0.808710702140215
161 0.733409947591559
161 0.870272220051974
161 0.311252989485512
162 0.874416561273121
162 0.765027997440206
162 0.236577001510457
162 0.487607628334131
162 0.328522083502506
162 0.235497827751328
162 0.629823342724621
162 0.821361581711733
162 0.475264006981283
162 0.727629851888693
163 0.964598446136619
163 0.258104102340575
163 0.807791897471897
163 0.885453632979399
163 0.747368142356802
163 0.15081118380223
163 0.763405504526294
163 0.22645636705051
163 0.224044565215728
163 0.926195562317127
164 0.691214210675663
164 0.221295670243583
164 0.516843423953673
164 0.809276767917572
164 0.317455753366209
164 0.0755688422711421
164 0.579438638677559
164 0.126166455040763
164 0.808978789862701
164 0.449710858263872
165 0.437419444991937
165 0.68339535067016
165 0.214738855238417
165 0.673996446502393
165 0.17100297853863
165 0.543260939206584
165 0.909494274253721
165 0.800826321728912
165 0.364622520452655
165 0.384758281235005
166 0.528456173151944
166 0.329220966123613
166 0.64286238357558
166 0.336248070623841
166 0.214674599103012
166 0.390230525466721
166 0.487059254426071
166 0.978080103629306
166 0.616686892517231
166 0.711103819641799
167 0.904275665480772
167 0.307901103192894
167 0.932399489885382
167 0.421119089434444
167 0.117177870644805
167 0.24985524278593
167 0.496687931705587
167 0.696616509322364
167 0.376021698292355
167 0.305666721102626
168 0.146327367120575
168 0.813441143284292
168 0.989062071772787
168 0.361066222358991
168 0.487437589321024
168 0.160065050311417
168 0.904327161565575
168 0.396931863109084
168 0.960891372040329
168 0.268949681552569
169 0.781690144344089
169 0.489347544726612
169 0.598170648141844
169 0.424552527454008
169 0.825595615350453
169 0.812845247244856
169 0.81478305338639
169 0.312654869776524
169 0.790925350408501
169 0.431469945437959
170 0.0237586889526614
170 0.695201015889273
170 0.739371048630854
170 0.956158179303705
170 0.116320104858056
170 0.856548919275659
170 0.206013421623974
170 0.613008036563642
170 0.553165428132361
170 0.582035119916329
171 0.918674757666269
171 0.699492795252936
171 0.395476262734959
171 0.907736828973394
171 0.0605590176119278
171 0.882913852055983
171 0.0678018788191499
171 0.964886179177503
171 0.279845715165066
171 0.0286932503938178
172 0.233835860730072
172 0.0615358590434938
172 0.518040795586091
172 0.832006508871916
172 0.486088386963163
172 0.343636410470883
172 0.644851755651111
172 0.300871439883891
172 0.656291280247407
172 0.43577710559395
173 0.732341385321851
173 0.680049969665729
173 0.130978121017561
173 0.471712433952704
173 0.636208148503773
173 0.247298225875617
173 0.328261352762702
173 0.842221570127747
173 0.860306262439259
173 0.881426781360724
174 0.424256690044076
174 0.778981019639867
174 0.580919576147999
174 0.819732952779035
174 0.686717848613261
174 0.641478593759927
174 0.702646804835017
174 0.754519727432411
174 0.60636477293743
174 0.982492520000084
175 0.78321297829189
175 0.840200633667503
175 0.0440283785779161
175 0.30125377341232
175 0.672207142073758
175 0.530116765541079
175 0.644890183883202
175 0.317058897259207
175 0.83098820542497
175 0.301181464130609
176 0.752836002853157
176 0.563329590746821
176 0.981231433796338
176 0.88381412433638
176 0.0350420242338637
176 0.61743958183445
176 0.131112349746335
176 0.363303376996565
176 0.459661151496536
176 0.991418612651256
177 0.244730157891628
177 0.883917841540611
177 0.770399631825462
177 0.825649734505289
177 0.703650794319646
177 0.457117479973062
177 0.467128327799555
177 0.406297598689002
177 0.211637207405473
177 0.0734931002713242
178 0.388790118223424
178 0.994850185697363
178 0.913693733938827
178 0.43281849680134
178 0.296103958644021
178 0.585900875546923
178 0.96293526280808
178 0.940994142527224
178 0.90295977280613
178 0.793923467767389
179 0.242175606192171
179 0.655795775659287
179 0.357253058048549
179 0.223407039522849
179 0.539609899530006
179 0.392295082282412
179 0.840846621357299
179 0.670722249276341
179 0.755598459744639
179 0.300507772853834
